price
112.0
100.0
125.0
67.0
52.0
35.0
30.0
65.0
46.96
42.0
52.43
265.0
120.0
17.0
42.47
140.0
69.0
93.36
65.0
138.0
54.92
85.0
115.0
192.0
56.0
32.0
49.5
100.0
80.0
25.0
85.0
400.0
56.9
60.0
90.0
140.0
104.0
69.0
95.0
49.0
170.0
77.5
125.0
62.82
48.7
98.97
72.0
48.1
420.0
67.15
70.0
69.0
86.0
19.5
55.0
69.84
40.0
330.0
400.0
190.0
125.0
262.0
140.0
69.0
83.0
48.75
35.0
240.0
55.0
93.0
22.0
90.0
57.0
145.0
125.0
135.0
115.0
28.47
100.0
300.0
78.0
550.0
53.11
56.5
150.0
344.0
110.0
115.0
139.0
165.0
153.0
73.0
130.0
97.0
53.8
420.0
44.0
130.0
60.0
185.0
78.0
45.0
52.66
200.0
58.0
250.0
189.0
218.0
54.0
180.0
264.0
80.0
32.0
61.17
56.0
200.0
70.0
700.0
112.0
145.0
40.0
40.0
42.41
38.0
110.0
39.71
70.0
77.0
64.0
90.0
190.0
310.0
112.0
27.0
360.0
32.15
75.0
51.0
70.0
35.0
75.0
75.0
75.0
75.0
290.0
67.0
42.0
34.0
50.74
36.85
108.0
85.0
200.0
85.0
104.0
170.0
132.0
138.0
87.0
52.5
80.0
320.0
77.99
52.85
65.0
48.5
65.0
100.0
73.0
75.0
116.0
59.76
35.0
52.8
33.51
84.03
268.0
90.0
62.1
63.0
120.0
54.5
126.0
100.0
65.0
290.0
21.0
58.0
208.0
56.0
67.0
43.48
75.0
100.0
280.0
125.0
45.0
41.0
126.0
55.0
77.0
199.0
171.0
56.0
46.0
37.49
75.0
39.99
130.0
140.0
113.0
63.0
34.27
48.0
48.95
44.0
90.0
70.0
46.86
312.0
150.0
45.0
52.08
45.0
52.0
40.0
65.0
103.0
95.0
60.0
52.5
75.97
28.0
31.48
250.0
110.0
55.0
50.63
250.0
80.0
165.0
75.0
40.08
39.0
27.0
69.0
99.26
43.0
375.0
65.5
43.0
108.0
46.0
115.0
350.0
58.0
410.0
75.0
49.0
68.5
120.0
80.48
316.0
34.1
90.0
80.0
35.0
250.0
85.0
70.93
100.0
99.39
65.0
260.0
60.0
55.0
91.0
430.0
44.0
78.56
47.36
90.0
100.0
52.76
85.0
108.0
70.0
60.0
69.0
68.0
52.0
60.0
181.0
57.0
32.5
60.0
80.0
48.0
113.0
97.0
47.0
85.0
12.0
270.0
78.0
108.0
245.0
95.0
51.35
48.0
54.5
140.0
246.0
39.5
65.0
70.0
89.0
76.0
38.0
39.5
200.0
68.0
95.0
66.85
55.0
72.0
75.0
57.0
46.7
62.0
24.0
129.0
55.0
63.0
91.48
84.0
34.0
76.0
65.0
55.0
55.0
46.0
326.0
94.55
135.0
46.0
57.0
180.0
36.85
85.0
31.15
135.0
100.0
60.0
34.0
66.0
140.0
66.5
69.5
45.0
75.0
46.0
47.0
110.0
45.0
41.82
185.0
49.5
53.8
50.0
56.0
44.0
84.0
65.0
200.0
300.0
25.25
48.0
74.0
80.99
42.59
119.0
40.0
76.0
58.0
189.0
400.0
45.0
39.0
240.0
120.0
146.0
48.0
95.815
165.0
67.0
36.0
55.0
65.0
57.0
54.0
79.0
53.36
25.53
57.6
36.0
55.0
32.92
18.0
73.43
71.0
79.0
98.0
110.0
67.98
185.0
110.0
57.0
74.0
50.0
55.0
46.0
125.0
29.45
59.0
72.0
55.0
77.25
133.0
51.15
75.0
65.0
425.0
37.0
105.0
36.0
65.0
60.0
280.0
129.0
150.0
77.0
73.0
55.0
89.0
100.0
11.0
75.76
52.0
98.0
50.0
80.0
47.0
46.0
37.0
140.0
100.0
332.0
41.3
129.0
41.0
110.0
32.79
158.0
90.0
60.0
139.0
135.0
120.0
159.0
34.5
120.0
142.0
150.0
145.0
55.0
326.0
85.0
27.5
50.0
110.0
50.49
235.0
110.0
56.0
64.0
49.11
160.0
140.0
72.54
140.0
50.0
45.0
190.0
168.0
135.0
45.75
80.0
80.0
120.0
45.0
165.0
72.0
107.0
170.0
122.0
32.0
69.0
304.0
98.88
67.9
42.0
51.0
45.0
145.0
45.0
80.0
83.0
54.005
65.0
45.0
230.0
60.0
335.0
260.0
40.0
32.49
75.0
160.0
140.0
108.0
47.0
33.0
180.0
58.0
83.0
56.0
19.5
35.0
60.0
56.58
68.8
325.0
41.16
110.0
79.28
75.0
32.0
185.0
55.0
125.0
126.0
93.0
75.0
66.0
75.0
180.0
38.77
125.0
150.0
67.0
91.855
775.0
38.33
1800.0
94.79
560.0
226.0
375.0
76.0
31.0
95.0
116.0
175.0
45.0
88.0
220.0
285.0
59.46
29.9
45.0
196.0
44.4
63.0
50.0
110.0
120.0
79.9
90.0
125.0
180.0
60.0
46.0
36.0
63.2
79.0
115.0
102.0
48.0
45.0
45.0
180.0
57.0
90.87
65.0
36.0
56.25
52.0
205.0
32.0
40.0
40.65
40.0
88.0
84.0
70.0
48.0
75.0
41.21
34.0
110.0
162.0
280.0
56.0
64.5
62.0
59.0
74.0
66.0
75.0
280.0
68.0
75.0
50.0
49.27
175.0
73.0
87.0
100.0
135.0
78.0
60.0
46.5
60.42
52.5
19.9
67.0
110.0
45.0
135.0
67.0
390.0
95.0
40.0
68.0
35.0
22.0
47.0
102.0
69.85
501.0
99.745
66.0
375.0
125.0
84.5
40.0
80.0
235.0
55.0
34.18
185.0
46.75
123.0
140.0
75.0
314.5
59.0
75.0
51.15
50.0
55.5
119.0
39.82
324.0
53.0
110.0
42.0
49.0
21.0
105.0
94.5
250.0
45.9
95.0
89.0
50.0
75.0
98.0
81.0
36.0
57.6
96.2
60.0
80.0
70.0
52.1
158.0
85.0
300.0
325.0
125.0
88.5
180.0
85.0
128.0
187.0
86.91
95.84
40.0
98.0
160.0
64.0
55.0
19.0
135.0
92.0
115.0
125.0
55.99
125.0
85.0
46.0
171.0
180.0
70.0
72.76
37.28
151.0
69.0
38.41
156.0
39.0
64.5
130.0
88.0
65.0
72.0
52.0
71.0
250.0
42.0
120.0
80.0
40.0
39.0
70.0
78.0
60.0
88.0
69.61
67.0
150.0
48.0
270.0
135.0
36.0
182.0
280.0
125.0
99.0
132.0
93.5
110.0
42.83
87.0
103.0
380.0
47.0
40.47
65.0
48.0
150.0
68.0
60.0
163.0
49.98
60.55
45.0
65.0
70.0
74.0
21.0
65.0
69.315
149.0
75.0
84.29
85.0
25.0
44.0
54.0
40.0
123.0
70.0
118.0
45.0
128.0
200.0
45.0
82.0
78.0
41.51
235.0
78.0
50.0
65.0
212.0
90.0
98.0
55.0
61.0
100.0
58.11
85.4
41.9
165.0
400.0
42.0
65.0
125.0
69.61
150.0
325.0
165.0
345.0
240.0
50.75
47.0
72.0
120.0
175.0
180.0
172.0
52.0
89.0
275.0
36.0
140.0
101.0
142.0
65.0
35.88
270.0
165.0
300.0
46.0
90.0
30.6
135.0
60.0
56.0
20.0
69.0
58.0
150.0
75.0
48.145
200.0
16.45
128.0
75.0
157.0
45.0
314.0
55.0
23.0
53.5
425.0
54.0
14.0
25.0
110.0
65.0
80.0
98.0
100.0
134.0
56.0
337.0
140.0
222.0
160.0
47.0
97.0
50.0
65.0
115.0
36.0
62.0
100.0
126.0
275.0
63.98
38.0
75.0
185.0
66.0
78.0
86.51
140.0
46.79
125.0
75.0
82.0
57.0
47.65
50.0
60.0
108.0
335.0
110.0
85.86
75.0
49.0
115.0
148.0
63.0
89.0
34.0
42.5
125.0
16.45
80.0
60.8
75.0
59.0
41.0
110.0
50.0
115.0
100.0
79.0
260.0
150.0
110.0
91.84
47.0
124.0
103.0
139.0
47.0
75.0
94.0
140.0
85.0
49.0
110.0
50.0
103.0
15.0
32.63
95.0
125.0
130.0
73.0
56.0
109.0
115.0
56.0
75.0
140.0
92.59
65.8
145.0
290.0
46.0
130.0
26.0
37.64
49.0
149.0
38.33
140.0
27.0
46.0
72.5
47.42
235.0
49.97
90.0
25.0
110.0
185.0
290.0
70.0
39.0
225.0
35.0
48.0
160.0
65.26
38.0
11.66
100.0
80.0
155.0
75.0
94.36
10.0
115.0
598.0
75.0
280.0
60.6
85.0
95.0
60.0
59.0
83.05
75.0
130.0
72.0
63.0
58.0
125.0
62.0
95.0
56.5
36.85
50.0
325.0
122.0
74.03
52.04
138.0
56.0
205.0
57.0
86.0
49.0
78.0
70.0
70.0
120.0
90.0
101.0
72.0
46.0
73.5
12.5
59.32
111.0
65.0
55.0
78.0
71.0
115.0
56.12
87.0
81.0
90.0
75.84
98.0
38.0
32.0
67.38
280.0
44.0
501.0
72.0
135.0
58.0
80.0
47.0
53.0
85.0
91.0
35.0
30.0
35.0
52.0
64.11
110.0
85.0
80.0
70.0
124.0
32.0
94.55
127.0
32.54
120.0
73.0
75.0
54.5
120.0
70.0
188.0
130.0
58.0
57.5
60.0
65.0
48.0
90.0
101.0
45.0
35.0
75.0
59.935
43.6
60.0
89.5
64.0
68.0
95.0
60.0
178.0
135.0
67.0
96.0
83.09
54.0
45.0
32.25
30.0
108.0
150.0
72.0
53.0
40.5
52.8
56.1
142.0
42.0
33.45
59.0
107.0
49.39
110.0
135.0
62.5
100.0
81.0
70.0
88.0
71.0
75.0
62.0
80.0
53.5
68.0
55.0
57.0
399.0
71.0
85.0
102.0
50.0
63.77
69.0
165.0
37.0
75.0
155.0
91.0
65.0
49.5
106.0
75.0
73.0
69.0
95.0
75.0
100.0
125.0
108.0
68.62
140.0
68.0
43.75
90.0
87.0
40.0
170.0
175.0
110.0
98.0
139.0
45.0
120.0
70.0
300.0
33.0
110.0
40.0
120.0
40.0
109.0
85.0
43.0
91.31
62.0
95.0
52.0
37.15
54.1
160.0
85.5
428.0
49.8
225.0
90.0
50.0
75.0
16.75
72.0
85.0
325.0
62.0
21.0
44.0
75.0
65.0
39.0
94.0
59.8
180.0
300.0
32.0
51.0
43.49
27.0
120.0
130.0
68.0
17.19
120.0
75.0
140.0
39.06
59.76
69.0
33.0
145.0
240.0
58.0
160.0
48.0
30.0
45.0
325.0
40.42
100.0
41.0
275.0
145.0
150.0
180.0
88.0
85.0
67.0
86.0
35.0
56.0
88.0
45.0
46.0
52.3
80.0
139.5
47.0
60.0
240.0
148.0
58.0
80.0
334.0
65.0
60.0
58.0
600.0
74.23
160.0
105.0
57.91
95.0
160.0
40.54
105.0
140.0
224.5
78.0
16.0
185.0
28.0
125.0
80.0
42.6
120.0
76.0
125.0
62.78
40.8
42.83
67.0
80.0
95.0
82.5
96.0
49.0
160.0
52.0
52.0
73.0
41.1
99.0
78.0
86.0
60.0
65.0
52.0
76.77
250.0
31.5
95.0
61.0
48.0
96.5
160.0
35.0
341.0
92.0
110.0
108.0
85.0
50.0
170.0
763.0
71.5
135.0
135.0
51.0
30.0
100.0
35.77
130.0
140.0
70.0
50.0
103.0
43.0
67.0
56.85
34.5
120.0
20.0
54.0
98.94
86.0
80.0
90.0
78.0
67.0
60.0
70.0
65.0
42.0
56.0
40.0
145.0
51.26
150.0
112.0
101.0
200.0
350.0
55.0
55.0
63.0
121.0
166.0
75.0
80.01
75.0
45.0
115.0
71.0
60.0
65.0
74.0
25.5
64.0
140.0
28.0
79.0
80.0
180.0
26.0
85.1
50.0
30.0
160.0
68.0
46.0
95.0
125.0
62.8
500.0
120.0
150.0
76.3
45.0
150.0
40.0
65.0
134.0
45.0
60.0
69.0
50.66
160.0
72.0
19.9
45.0
65.0
78.0
28.0
75.0
43.0
95.0
53.0
55.47
200.0
80.0
90.0
170.0
114.0
87.0
83.0
70.0
168.0
234.0
35.84
58.0
55.0
42.0
55.5
25.0
89.13
30.0
41.73
48.06
156.0
110.0
33.51
75.0
45.0
120.0
420.0
85.0
55.78
127.0
80.0
97.0
46.0
40.0
170.0
57.5
65.0
88.0
60.0
95.84
59.5
65.0
76.0
91.0
51.0
43.0
34.355
46.5
100.0
55.0
74.0
125.0
95.0
150.0
53.0
152.0
55.0
79.0
106.0
95.0
120.0
155.0
95.0
65.0
89.0
325.0
90.0
60.0
600.0
25.38
70.0
132.0
100.0
150.0
47.1
77.0
183.0
150.0
68.0
69.0
90.0
66.0
170.0
35.0
85.0
26.5
125.0
173.0
200.0
79.0
48.0
360.0
122.0
44.0
420.0
70.0
53.0
80.0
57.0
51.89
87.0
44.0
864.0
135.0
19.55
70.0
240.0
66.0
63.0
26.0
230.0
65.65
56.0
140.0
46.76
50.0
95.0
27.0
45.0
120.0
135.0
58.0
49.0
58.5
27.0
46.0
46.0
54.0
56.0
95.0
67.0
250.0
15.0
138.0
44.95
73.0
210.0
75.0
110.0
185.0
85.0
300.0
67.0
160.0
80.0
67.4
45.0
39.0
68.0
30.0
50.0
229.0
154.0
82.0
125.0
27.98
65.0
270.0
56.0
33.5
90.0
120.0
90.0
142.0
85.0
46.0
80.0
125.0
72.02
79.0
53.0
70.0
25.0
195.0
81.0
45.0
24.0
100.0
56.0
176.0
28.88
105.0
46.0
70.0
55.0
152.0
60.0
64.98
130.0
65.0
92.0
74.0
148.0
95.0
56.0
85.0
71.38
87.0
78.0
112.0
78.0
85.0
127.0
78.0
34.82
29.44
66.0
60.0
119.0
80.9
69.0
118.0
50.0
33.0
175.0
36.54
40.0
40.0
61.0
265.0
40.0
57.35
75.0
151.0
40.7
310.0
66.0
48.0
205.0
96.0
131.0
97.0
130.0
150.0
90.0
75.0
34.5
279.0
28.0
123.0
40.0
46.0
56.725
40.5
70.0
46.0
50.0
499.0
59.8
50.0
63.0
290.0
92.0
73.0
61.52
62.0
34.5
24.0
20.0
320.0
271.0
75.0
36.85
300.0
25.26
260.0
170.0
420.0
110.0
111.0
107.0
175.0
75.0
20.0
74.0
85.0
98.0
38.0
53.0
99.0
75.0
50.0
68.52
125.0
450.0
43.0
52.5
75.0
38.24
85.0
58.58
46.0
125.0
290.0
90.0
65.0
154.0
70.0
80.0
50.0
77.88
78.5
47.25
45.0
54.0
65.0
42.0
333.0
110.0
53.35
45.0
40.0
86.58
68.0
40.17
105.0
65.0
45.0
245.0
47.12
125.0
67.0
53.0
28.88
65.0
45.0
44.0
52.0
230.0
50.0
40.0
167.0
125.0
43.0
38.92
39.0
53.0
82.0
96.0
116.0
52.0
38.0
79.0
52.0
70.0
200.0
90.0
170.0
68.0
32.0
150.0
109.0
65.8
86.5
400.0
32.0
95.0
79.0
75.0
58.0
272.0
42.3
121.0
80.0
118.0
30.0
40.0
180.0
38.0
100.0
30.0
47.39
135.0
126.0
39.0
105.0
180.0
45.0
108.0
54.0
27.0
74.4
56.8
29.0
310.0
85.0
38.0
90.0
120.0
42.0
95.0
245.0
410.0
32.49
445.0
95.0
42.04
46.0
105.0
120.0
40.0
60.0
90.0
16.5
83.05
131.0
300.0
