price
86.8
46.5
42.7
225.0
42.9
69.0
110.0
294.0
57.0
47.25
205.0
90.0
85.0
65.0
140.0
52.0
155.0
130.0
135.0
325.0
100.0
85.0
60.0
104.0
135.0
78.3
110.0
78.0
80.0
51.83
150.0
75.0
117.0
170.0
34.82
63.0
55.0
130.0
130.0
70.0
46.17
95.0
85.0
52.0
15.0
384.0
122.0
89.0
50.66
59.99
26.0
35.0
194.0
45.0
275.0
49.36
120.0
108.0
39.9
90.0
146.0
61.0
37.0
43.0
90.0
30.35
65.0
50.0
63.53
71.05
250.0
45.0
85.0
175.0
64.47
95.0
100.0
101.0
55.0
40.0
75.48
43.91
239.0
45.0
57.0
46.1
39.0
44.0
100.0
56.55
60.0
52.0
52.0
110.0
105.0
104.0
360.0
350.0
50.0
110.0
131.0
72.0
95.0
40.55
170.0
275.0
92.5
114.0
103.0
158.5
22.8
160.0
32.82
120.0
245.0
85.0
42.0
85.0
88.0
95.0
38.0
146.0
55.0
141.0
96.0
51.8
280.0
146.0
70.0
58.0
27.0
288.0
11.0
44.08
63.0
88.0
75.08
206.0
75.0
140.0
105.0
175.0
88.0
37.0
56.12
64.0
125.0
26.0
37.0
105.0
74.0
76.0
50.0
125.0
93.0
67.77
104.0
94.0
56.0
115.0
136.0
28.0
239.0
101.0
195.0
120.0
21.0
199.0
280.0
115.0
68.0
57.6
38.46
40.0
50.17
25.88
57.0
90.0
71.32
97.0
58.0
68.0
30.0
72.0
224.0
58.0
48.0
60.0
48.0
157.0
53.0
58.0
49.82
20.0
63.0
67.0
90.0
175.0
35.0
66.0
25.4
11.5
44.0
90.0
145.0
90.0
44.0
58.4
135.0
230.0
48.5
330.0
115.0
53.67
150.0
115.0
230.0
26.0
89.0
28.275
90.0
60.0
79.0
73.8
47.57
63.0
140.0
44.6
42.85
120.0
110.0
92.0
37.0
55.0
85.0
35.0
71.0
45.9
90.0
55.15
55.0
102.0
48.0
70.0
49.5
36.0
65.0
107.0
40.0
75.0
145.0
36.0
36.0
50.0
93.0
95.0
260.0
214.0
53.0
120.0
79.0
297.0
250.0
52.0
200.0
85.0
170.0
120.0
171.0
86.0
38.0
55.0
122.0
45.0
67.39
49.5
32.0
160.0
40.0
60.0
95.0
46.0
82.0
53.33
55.79
76.0
46.0
52.0
95.0
100.0
140.0
118.0
59.135
110.0
35.0
62.0
65.0
80.5
17.0
160.0
56.0
120.0
84.0
35.0
76.0
36.0
42.0
45.0
95.0
58.0
48.0
112.0
510.0
160.0
59.9
75.0
70.0
46.76
95.0
112.0
50.0
25.88
90.0
65.0
115.0
70.0
71.22
40.9
160.0
50.0
69.61
17.0
109.0
56.0
65.0
52.17
61.16
88.0
156.0
100.0
46.5
58.0
78.0
66.5
113.0
395.0
53.0
200.0
39.08
115.0
102.0
147.0
65.0
80.63
50.0
44.5
85.0
103.0
85.0
43.4
45.0
70.0
129.0
65.0
30.0
170.0
182.0
86.0
100.0
70.0
100.0
62.5
63.5
60.0
142.0
50.0
300.0
53.67
59.0
70.0
85.0
42.72
76.0
104.0
46.0
67.77
325.0
90.0
110.0
35.11
130.0
58.0
68.4
130.0
42.65
37.2
51.15
63.0
345.0
38.0
52.0
95.0
97.65
65.0
55.0
68.0
50.0
140.0
42.0
135.0
93.0
75.0
45.0
228.0
42.12
71.05
120.0
95.0
112.0
85.0
46.0
89.56
40.39
360.0
49.65
60.0
138.0
90.0
90.0
39.07
52.0
120.0
110.0
49.85
55.0
52.0
120.0
195.0
44.5
160.0
77.0
66.02
69.0
29.0
191.0
80.0
25.12
21.53
65.0
116.0
71.64
110.0
30.29
30.0
74.0
35.14
125.0
46.9
110.0
65.0
70.0
98.0
65.0
25.88
49.0
93.0
58.0
42.79
46.0
42.0
105.0
65.58
44.0
67.0
85.0
110.0
65.0
65.0
48.0
121.0
160.0
56.93
115.0
27.0
70.0
185.0
97.42
20.0
85.0
136.0
105.0
43.2
100.0
85.0
32.0
140.0
82.0
55.44
63.5
70.0
60.0
42.0
49.0
47.88
145.0
25.65
90.0
450.0
57.0
85.0
48.0
74.0
37.46
60.16
67.0
55.0
77.0
125.0
60.0
430.0
68.5
97.0
250.0
56.0
72.0
60.0
210.0
75.0
35.0
11.5
135.0
73.0
110.0
45.99
40.25
62.0
59.45
135.0
225.0
111.0
85.0
125.0
63.0
40.7
60.87
55.5
59.0
96.2
42.69
91.86
75.0
95.0
180.0
57.0
103.0
41.745
58.0
45.0
67.0
78.0
90.0
62.0
46.0
135.0
105.0
58.0
92.0
25.0
67.48
58.0
74.03
75.0
100.0
39.0
19.5
145.0
117.0
97.0
57.0
114.0
120.0
72.0
77.61
37.97
105.0
42.47
80.0
24.0
90.0
35.4
110.0
440.0
32.0
60.0
46.0
95.0
30.75
145.0
92.0
38.0
115.0
105.0
72.0
103.0
51.0
46.08
70.0
75.0
45.0
260.0
110.0
35.0
93.0
35.28
77.3
78.0
55.0
38.0
38.34
76.18
60.0
75.6
255.0
55.0
22.8
58.7
85.0
83.0
45.9
72.0
316.0
160.0
47.0
41.51
285.0
99.13
65.0
62.0
192.0
68.0
56.0
115.0
94.5
130.0
53.67
54.0
97.0
54.35
60.0
62.0
38.65
173.0
200.0
150.0
67.0
45.5
89.45
95.0
48.0
80.0
105.0
140.0
36.0
47.0
58.0
101.0
36.28
180.0
45.0
60.0
70.0
65.0
110.0
60.0
40.54
16.45
110.0
56.0
92.0
50.0
240.0
123.0
38.535
45.0
58.0
49.5
84.0
110.0
203.0
99.0
38.6
110.0
120.0
79.0
62.0
64.5
75.0
42.6
82.62
50.28
90.0
45.0
177.0
110.0
75.0
47.0
247.0
46.55
36.29
35.0
58.0
83.0
155.0
58.0
56.0
44.0
190.0
125.0
103.0
125.0
65.49
80.0
100.0
19.5
45.0
90.0
130.0
80.0
155.0
93.0
65.0
145.0
40.0
95.0
50.0
42.0
68.75
48.79
65.5
60.0
125.0
80.0
77.0
41.0
245.0
35.0
175.0
180.0
68.0
80.0
22.0
170.0
70.0
100.0
120.0
100.0
100.0
210.0
450.0
98.0
235.0
78.0
53.5
68.75
80.3
58.0
40.54
69.0
20.03
32.67
150.0
78.0
38.37
81.0
56.0
150.0
70.0
60.0
30.0
70.0
69.45
60.0
58.0
13.5
150.0
30.0
150.0
46.0
72.0
70.0
250.0
46.0
65.0
320.0
41.18
58.5
83.3
136.0
73.0
50.0
59.76
120.0
47.0
17.0
139.0
44.0
400.0
25.4
240.0
37.95
120.0
285.0
65.0
117.0
33.5
122.0
165.0
59.0
20.0
120.0
57.0
105.0
85.05
64.0
60.0
75.0
110.0
68.0
49.0
164.0
225.0
50.855
59.0
87.0
160.0
45.0
60.0
262.0
46.5
42.0
32.0
129.0
71.95
70.0
390.0
60.0
23.0
49.0
75.0
165.0
42.0
75.0
155.0
89.04
150.0
90.0
68.0
120.0
60.0
380.0
55.0
110.0
28.88
83.0
46.0
112.0
47.39
43.55
90.0
29.0
53.0
25.0
44.0
120.0
93.5
16.45
100.0
52.0
66.0
44.4
41.0
93.0
130.0
59.0
40.58
70.0
40.39
100.0
55.0
141.0
285.0
92.0
100.0
28.0
85.05
120.0
45.0
450.0
59.0
57.9
49.5
110.0
39.0
132.0
47.0
45.0
73.0
95.0
145.0
105.0
56.5
48.0
46.5
43.0
45.0
49.61
108.0
65.0
44.55
73.0
40.79
33.32
85.0
260.0
226.0
103.0
33.0
197.0
360.0
65.0
83.0
32.0
32.0
750.0
65.75
58.0
62.0
68.0
40.0
83.0
86.03
53.0
68.1
30.0
47.0
120.0
82.0
99.39
45.0
72.0
76.0
80.0
100.0
170.0
75.0
70.0
68.0
235.0
85.0
43.0
80.43
55.0
83.0
50.0
33.64
40.0
100.0
63.0
46.0
117.0
191.0
110.0
64.0
40.0
75.0
130.0
46.0
44.0
250.0
66.0
179.0
96.0
165.0
203.0
210.0
156.0
93.01
120.0
45.0
90.0
59.52
150.0
180.0
83.0
60.8
53.0
52.47
54.0
99.26
110.0
90.0
50.0
60.0
139.0
47.0
62.35
175.0
83.0
53.0
150.0
520.0
425.0
130.0
52.32
48.51
187.0
95.0
99.0
42.0
65.0
34.735
260.0
45.0
54.0
30.0
110.0
55.0
29.0
59.0
70.0
65.0
80.0
77.25
25.0
45.0
200.0
52.08
36.44
180.0
75.0
300.0
32.39
56.0
142.0
280.0
240.0
60.0
103.0
85.0
140.0
49.73
125.0
108.0
32.0
201.0
47.0
900.0
52.5
77.99
242.0
35.0
72.0
67.5
79.0
400.0
32.0
44.0
95.0
80.0
122.0
200.0
85.0
46.0
53.55
65.0
112.0
50.0
60.0
77.44
55.0
57.0
48.0
72.0
88.0
72.0
31.99
68.38
83.0
103.0
260.5
80.0
90.0
145.0
90.0
37.0
23.65
33.06
86.0
100.0
33.51
75.0
60.0
60.0
57.0
38.0
53.0
67.0
65.0
70.0
93.0
240.0
68.32
60.0
110.0
89.0
52.57
88.0
95.0
79.54
125.0
79.0
80.0
28.5
13.86
55.0
35.88
60.0
145.0
55.0
115.0
105.0
325.0
38.19
52.0
206.0
230.0
34.0
331.0
83.0
230.0
70.0
135.0
25.0
70.0
90.0
35.0
70.0
152.0
90.0
68.0
145.0
85.5
16.5
47.0
65.0
44.5
90.0
38.0
37.0
147.0
93.0
70.0
180.0
57.95
46.0
47.65
40.0
46.0
70.0
72.0
44.0
35.0
118.0
125.0
135.0
47.0
132.0
75.0
72.2
326.0
100.0
60.0
70.0
74.0
90.0
36.25
80.0
150.0
125.0
99.0
43.0
42.79
33.0
110.0
140.0
67.3
15.0
76.0
125.0
411.0
78.57
26.0
39.0
300.0
140.0
55.0
46.0
43.0
50.0
40.0
260.0
58.935
150.0
100.0
69.3
70.0
135.0
70.0
65.0
55.0
90.0
125.0
31.5
75.0
103.0
62.0
160.0
125.0
52.8
49.97
85.0
75.0
47.0
92.0
175.0
49.0
36.0
100.0
96.0
36.28
140.0
140.0
208.0
45.0
100.0
59.0
60.0
26.01
400.0
650.0
25.5
117.0
24.0
124.0
95.0
80.0
92.0
17.0
45.0
111.0
145.0
48.7
69.0
73.0
90.0
25.29
160.0
145.0
18.0
120.0
400.0
105.0
130.0
45.0
252.0
128.0
95.0
50.0
80.0
55.0
82.0
115.0
415.0
36.85
130.0
154.0
55.0
150.0
35.0
130.0
125.0
135.0
80.0
130.0
85.0
53.0
66.0
52.0
80.0
34.3
79.0
416.0
108.0
128.0
125.0
43.82
80.0
310.0
140.0
75.2
47.0
50.0
53.0
39.8
64.99
160.0
126.0
70.0
475.0
125.0
12.0
150.0
86.58
62.0
102.0
85.0
52.23
82.0
190.0
110.0
75.0
325.0
91.72
92.0
123.0
99.0
85.0
32.92
70.0
73.5
90.0
103.0
43.82
43.0
44.5
170.0
52.0
86.0
65.0
65.0
42.5
40.44
80.0
65.0
64.79
66.25
53.0
200.0
230.0
60.0
60.0
25.5
75.0
85.0
105.0
118.0
75.0
525.0
37.0
30.0
50.0
68.4
65.0
37.8
129.0
69.0
53.5
40.43
44.41
31.77
67.0
75.0
41.5
35.0
90.0
27.0
79.0
63.0
85.0
58.0
26.0
53.57
52.0
48.0
55.0
720.0
83.5
100.0
125.0
40.0
69.0
70.0
84.22
80.0
112.0
73.0
253.0
425.0
72.0
65.0
107.0
75.0
73.0
92.0
50.0
78.0
80.0
90.0
120.0
25.0
56.0
100.0
44.0
99.0
49.27
44.5
75.0
115.0
600.0
189.0
67.0
133.0
65.0
160.0
60.0
90.0
36.85
70.0
50.53
297.0
108.0
450.0
110.0
155.0
450.0
149.0
42.0
56.8
95.0
800.0
34.545
55.0
52.75
120.0
45.0
80.0
27.68
662.0
90.0
13.0
115.0
70.0
84.0
37.0
95.0
54.0
50.0
61.0
220.0
26.0
55.0
195.0
58.0
93.0
46.5
30.0
130.0
48.0
88.0
130.0
42.28
20.0
45.0
58.0
21.0
367.0
121.0
225.0
28.095
169.0
245.0
65.0
85.0
70.0
70.0
61.0
60.0
50.0
108.0
67.0
59.0
40.0
38.0
170.0
41.0
84.0
70.0
100.0
67.4
115.0
53.76
125.0
155.0
94.0
53.0
93.0
103.0
200.0
37.0
125.0
200.0
70.0
225.0
70.0
104.0
60.0
105.0
59.0
70.0
16.45
103.0
80.0
525.0
103.0
85.0
50.0
20.0
52.0
330.0
94.99
109.0
47.86
150.0
46.0
120.0
65.0
65.0
195.0
105.0
47.0
130.0
140.0
42.0
80.0
75.0
39.0
52.5
109.0
287.0
86.8
48.24
185.0
95.45
82.0
135.0
94.71
53.0
75.0
82.0
52.07
57.0
115.0
98.38
150.0
46.0
60.0
76.0
35.0
32.9
65.0
60.0
130.0
170.0
77.9
64.0
80.0
50.0
62.0
78.0
19.695
101.0
200.0
74.0
36.5
150.0
270.0
190.0
30.0
16.0
65.0
58.56
65.5
275.0
30.0
80.0
49.0
50.0
199.0
46.39
52.0
66.0
55.0
48.0
47.0
12.0
71.0
18.0
71.03
145.0
90.0
36.8
405.0
280.0
118.0
135.0
160.0
165.0
54.0
69.0
160.0
84.0
95.0
42.0
47.25
210.0
37.01
41.43
250.0
150.0
135.0
96.17
400.0
50.0
69.0
100.0
135.0
63.0
78.29
83.0
20.5
52.81
65.0
235.0
191.0
170.0
75.0
50.0
150.0
119.0
77.0
64.0
135.0
74.03
59.0
77.0
510.0
75.0
18.41
43.0
105.0
50.0
107.0
235.0
90.0
95.0
46.0
57.0
59.5
45.0
65.0
45.0
11.5
125.0
71.74
66.0
79.0
120.0
48.0
129.0
34.0
451.0
111.0
94.82
78.2
97.0
83.0
52.0
223.0
240.0
130.0
139.0
70.0
93.25
63.0
70.0
68.48
40.0
76.0
150.0
125.0
275.0
120.0
46.0
65.12
55.5
73.31
53.0
37.8
72.0
110.0
68.0
105.0
94.5
47.57
62.0
14.0
130.0
75.0
34.65
92.0
154.0
46.0
62.0
80.5
185.0
56.0
115.0
113.0
47.0
150.0
73.0
260.0
120.0
90.0
79.54
52.0
223.0
74.0
115.0
81.5
40.0
150.0
54.0
33.45
230.0
130.0
27.25
115.0
73.0
44.5
28.88
70.0
60.0
51.5
230.0
110.0
120.0
110.0
58.0
89.0
86.0
100.0
33.0
91.65
105.0
50.0
26.85
33.75
26.0
54.0
70.5
60.0
68.0
16.45
262.0
30.0
70.0
40.39
75.0
42.8
110.0
128.0
56.0
375.0
42.0
30.715
30.84
42.0
255.0
99.0
47.0
48.0
52.0
56.81
55.0
65.35
45.0
87.54
52.0
97.0
324.0
32.0
67.0
75.0
68.0
55.0
40.0
90.0
46.0
95.0
75.0
45.79
75.0
60.0
36.0
550.0
35.0
61.0
75.0
105.0
55.0
47.0
75.0
97.83
49.36
80.54
65.0
187.0
69.1
108.0
245.0
65.4
285.0
117.0
100.0
85.0
60.0
125.0
149.0
240.0
42.0
80.04
106.0
68.0
35.0
60.47
55.0
30.0
46.29
50.0
62.0
42.0
50.4
88.0
59.0
42.74
27.68
90.0
77.59
88.0
369.0
68.0
74.0
42.0
100.0
75.0
42.6
50.0
60.0
120.0
260.0
121.0
125.0
17.09
66.0
47.5
80.0
95.0
62.0
75.0
168.0
33.0
65.0
50.0
35.0
66.0
60.0
47.0
48.1
86.0
130.0
43.0
49.0
53.87
82.0
107.0
121.0
43.32
59.0
150.0
44.0
300.0
38.55
37.5
70.0
24.0
45.0
66.0
100.0
55.44
80.0
260.5
180.0
163.0
46.0
57.0
67.0
129.0
165.0
185.0
92.0
50.0
73.0
75.0
165.0
44.0
55.68
245.0
1000.0
69.0
127.0
45.0
89.0
192.0
54.0
104.0
38.37
150.0
31.75
135.0
148.0
35.0
64.0
85.0
130.0
30.75
67.0
100.0
46.0
16.45
115.0
75.0
36.94
98.29
260.0
130.0
207.0
50.0
41.0
45.0
59.5
95.0
85.0
115.0
30.0
25.0
85.0
45.0
105.0
32.64
150.0
57.0
53.0
210.0
39.5
76.0
300.0
56.35
73.0
59.8
79.0
75.0
57.0
40.25
78.0
27.0
48.95
49.35
80.0
40.0
19.5
100.0
60.48
386.0
58.06
150.0
16.0
33.0
44.0
23.5
14.04
140.0
83.3
52.0
45.5
93.04
98.0
100.0
98.0
50.5
58.0
34.0
45.0
149.0
190.0
87.0
117.0
115.0
115.0
29.45
79.8
39.0
58.0
35.0
51.0
120.0
70.0
55.0
38.0
105.0
80.0
93.0
85.0
63.0
45.0
98.0
72.0
110.0
75.0
70.0
353.0
45.79
125.0
85.0
64.0
75.0
45.0
75.0
33.7
58.0
41.0
72.0
44.0
60.0
120.0
85.0
55.0
86.0
275.0
66.68
48.0
45.5
54.0
75.0
68.0
115.0
80.0
73.3
84.0
85.0
205.0
73.0
43.0
200.0
90.0
235.0
60.0
130.0
30.0
150.0
47.0
500.0
89.0
65.0
135.0
75.97
115.0
60.0
43.75
83.0
75.0
125.0
90.0
52.0
88.0
120.0
47.8
51.0
45.0
57.0
98.0
199.0
60.0
115.0
28.88
80.0
70.0
70.0
68.0
105.0
64.15
165.0
240.0
230.0
25.25
428.0
150.0
350.0
101.0
90.0
93.0
115.0
45.0
65.0
33.0
75.0
220.0
68.0
62.0
32.5
101.0
92.0
100.0
365.0
31.48
44.4
49.0
353.0
30.47
480.0
39.5
175.0
40.4
250.0
43.76
75.0
75.0
70.0
550.0
35.0
72.0
110.0
60.0
65.0
56.0
260.0
101.0
135.0
80.0
44.95
82.0
88.0
50.0
35.0
70.0
67.0
53.7
60.8
46.0
45.0
270.0
76.0
60.0
34.385
162.0
44.0
55.0
40.0
25.0
52.0
84.205
57.0
200.0
47.0
113.0
78.0
35.285
94.0
75.0
90.0
44.0
105.0
160.0
59.0
46.0
40.0
67.0
115.0
111.0
61.0
61.0
39.0
118.0
47.0
84.0
365.0
72.0
125.0
17.0
71.55
92.0
43.55
140.0
58.0
72.0
42.0
193.0
56.0
96.9
150.0
70.0
56.12
62.0
160.0
130.0
177.115
350.0
160.0
104.0
122.0
19.83
204.0
140.0
36.4
100.0
58.0
74.0
140.0
240.0
52.0
22.8
207.0
53.0
100.0
98.86
155.0
70.0
338.0
75.0
64.08
290.0
150.0
82.0
39.0
180.0
73.0
368.0
130.0
56.74
34.5
46.39
100.0
100.0
40.0
127.0
55.0
105.0
44.0
87.0
83.0
106.0
180.0
190.0
42.0
150.0
80.0
300.0
81.0
30.24
71.0
80.5
52.82
70.0
75.0
185.0
145.0
55.0
295.0
26.0
117.0
46.95
57.0
50.0
80.0
25.99
72.0
66.0
44.8
81.0
61.2
32.0
48.0
39.69
50.0
68.0
30.75
42.6
50.0
55.78
46.0
37.49
78.0
120.0
133.0
74.0
49.0
40.0
70.0
175.0
53.0
240.0
85.0
77.0
55.0
46.0
120.0
65.0
47.0
80.0
45.2
63.0
40.0
75.0
115.0
450.0
65.0
69.0
86.0
160.0
40.42
100.0
18.0
68.5
90.0
99.0
80.0
45.0
39.33
125.0
95.05
28.88
93.0
65.0
72.0
53.5
70.0
116.0
42.0
105.0
95.0
40.0
198.0
100.0
57.0
57.0
60.0
78.0
94.84
100.0
400.0
44.0
140.0
130.0
58.0
40.0
100.0
80.0
102.0
56.4
115.0
62.0
122.0
41.0
71.0
140.0
90.0
54.48
58.0
110.0
280.0
128.0
75.0
140.0
50.0
388.0
359.0
62.0
55.0
39.0
50.0
78.0
101.0
117.0
73.43
298.0
190.0
95.0
25.12
48.0
42.0
48.0
70.0
172.0
180.0
185.0
220.0
48.0
87.0
50.0
160.0
280.0
74.0
55.0
78.0
235.0
275.0
70.0
50.0
364.0
208.0
93.0
86.56
55.0
18.5
130.0
32.49
262.0
115.0
22.0
44.0
46.0
119.0
66.0
90.0
41.0
58.5
64.0
90.0
85.0
121.0
73.0
220.0
200.0
104.0
57.0
310.0
130.0
130.0
125.0
80.0
55.55
135.0
200.0
52.0
33.64
130.0
29.25
113.0
115.0
142.0
75.0
60.0
210.0
36.0
160.0
65.0
116.0
85.0
85.0
69.57
45.0
100.0
75.0
52.0
118.0
82.0
410.0
42.0
68.0
150.0
40.0
60.0
225.0
61.0
39.0
290.0
155.0
79.0
155.0
105.0
72.9
280.0
99.0
92.63
44.96
145.0
80.0
47.0
31.48
88.64
90.0
69.0
78.0
90.0
66.0
75.0
40.0
36.0
85.0
57.0
38.65
99.0
80.0
124.0
98.0
108.0
153.0
200.0
40.39
60.0
270.0
95.0
42.0
82.0
102.0
95.0
43.0
325.0
175.0
48.0
75.0
69.18
55.0
102.0
123.0
175.0
102.0
71.73
90.0
75.0
75.0
78.0
120.0
265.0
55.47
58.0
93.865
69.0
26.0
49.5
225.0
42.0
82.0
48.0
83.0
167.0
260.0
69.0
73.0
145.0
32.49
115.0
68.0
78.0
47.0
115.0
95.0
140.0
550.0
165.0
70.0
79.465
60.0
64.5
69.0
34.0
56.0
180.0
95.0
69.0
106.0
98.2
63.43
101.0
135.0
75.0
71.0
56.0
72.0
195.0
50.0
43.0
48.0
79.0
120.0
49.0
88.0
80.0
127.0
69.0
66.0
318.0
75.0
155.0
68.0
62.0
50.0
19.87
58.0
240.0
306.0
250.0
50.66
156.0
188.0
60.0
43.59
500.0
56.15
19.8
45.36
78.0
55.0
115.0
1250.0
75.0
95.0
54.0
46.8
127.0
65.0
90.0
80.0
73.87
50.0
104.0
104.0
65.0
52.5
45.6
175.0
73.0
98.5
50.0
102.0
338.0
130.0
215.0
44.0
560.0
100.0
53.27
240.0
68.0
67.0
46.0
27.5
240.0
80.0
110.0
70.0
115.0
86.0
72.0
105.0
38.95
66.78
119.0
110.0
288.0
78.0
262.0
60.0
65.0
46.0
110.0
97.0
415.0
132.0
77.0
43.0
85.0
62.0
38.0
125.0
275.0
66.165
72.0
68.0
150.0
65.0
75.97
67.77
25.0
25.0
117.0
100.0
78.0
65.0
550.0
84.18
56.5
131.0
67.75
240.0
55.0
136.0
40.0
40.0
95.0
100.0
41.145
302.0
100.0
101.0
45.0
56.1
68.0
51.0
100.0
55.0
42.0
120.0
30.0
51.66
86.0
45.0
138.0
540.0
30.0
95.0
115.0
58.0
46.0
42.0
90.0
69.0
52.8
145.0
450.0
100.0
38.0
90.0
62.0
45.0
241.0
75.0
142.0
62.0
131.0
43.1
220.0
112.0
37.49
75.0
51.0
375.0
105.0
78.0
92.0
64.5
800.0
57.0
65.0
372.0
15.0
95.0
83.74
42.0
170.0
67.0
118.0
300.0
135.0
75.0
75.0
90.0
57.0
90.0
98.18
48.0
88.0
64.0
230.0
121.0
60.0
29.5
57.0
55.0
55.55
75.0
74.0
89.04
60.0
98.86
77.0
38.0
351.0
35.0
78.0
60.0
65.0
28.0
95.0
290.0
83.0
68.0
75.0
42.0
69.6
155.0
95.0
105.0
86.91
115.0
59.0
558.0
70.0
88.0
58.0
318.0
119.0
97.0
340.0
150.0
104.0
175.0
63.0
165.0
82.0
130.0
100.0
98.34
78.0
70.0
170.0
198.0
290.0
46.0
43.16
63.0
48.95
24.55
145.0
75.0
40.08
102.0
900.0
66.0
120.0
68.0
350.0
92.0
55.0
139.0
32.0
120.0
180.0
275.0
90.0
134.0
56.0
40.0
68.0
99.0
67.0
115.0
78.65
50.0
55.5
78.0
48.0
26.9
140.0
41.1
122.0
65.0
85.0
91.0
38.3
23.0
50.3
39.25
40.0
39.0
69.9
40.0
82.89
75.0
135.0
79.0
245.0
135.0
145.0
93.0
120.0
56.0
55.0
75.0
80.0
69.97
42.0
82.0
37.0
42.0
95.25
19.0
50.36
68.0
52.0
49.49
75.0
26.91
126.0
47.0
110.0
40.0
49.11
60.0
408.0
54.0
97.0
52.0
110.0
60.5
25.0
60.0
50.0
70.0
33.645
68.0
105.0
72.0
45.0
30.0
260.0
80.0
55.79
165.0
36.23
44.0
86.0
47.0
64.0
300.0
195.0
79.0
120.0
52.07
45.47
108.0
230.0
25.79
110.0
50.0
45.0
101.0
35.0
70.0
24.8
53.0
22.5
315.0
115.0
46.0
122.0
44.0
108.0
86.0
70.385
250.0
460.0
40.0
50.92
104.0
199.0
370.0
51.0
60.0
145.0
149.0
55.0
49.0
65.0
65.0
160.0
59.0
85.0
95.0
28.0
160.0
120.0
133.0
50.75
26.0
89.0
71.0
55.0
53.96
78.0
55.0
47.0
120.0
47.0
123.0
28.585
65.0
103.0
75.0
91.45
70.0
58.86
105.0
40.0
28.0
170.0
60.0
230.0
78.5
70.0
52.0
39.59
77.0
126.0
68.0
70.0
75.0
32.0
10.0
13.31
55.0
89.0
74.0
150.0
180.0
63.0
48.0
210.0
200.0
28.5
41.0
75.0
385.0
70.0
143.0
40.6
45.0
275.0
115.0
115.0
35.0
43.1
185.0
475.0
340.0
79.0
61.96
310.0
88.6
48.0
45.0
85.0
40.0
98.0
46.0
50.75
95.0
48.0
134.0
51.42
204.0
54.0
95.0
55.0
41.0
91.0
98.0
75.0
41.15
150.0
48.27
85.0
51.6
50.0
118.0
128.0
60.0
146.0
40.0
95.0
85.0
35.0
135.0
65.0
145.0
52.35
53.0
36.85
58.0
250.0
55.0
55.0
42.535
200.0
77.0
95.0
40.0
62.0
160.0
45.0
46.0
100.0
220.0
215.0
225.0
67.0
102.0
75.0
48.23
208.0
36.28
58.0
92.0
72.0
43.09
120.0
425.0
17.0
40.6
80.0
250.0
155.0
70.0
89.0
45.82
162.0
75.0
13.0
69.0
64.86
88.2
50.0
55.5
39.0
58.0
55.0
27.0
113.0
120.0
42.0
125.0
75.0
78.25
125.0
290.0
48.0
50.0
58.0
77.25
45.0
37.0
199.0
415.0
34.65
33.84
68.0
40.0
225.0
82.0
55.0
270.0
46.0
16.45
106.0
82.0
30.0
46.0
92.0
95.0
250.0
21.0
115.0
83.0
122.0
284.0
58.0
74.0
45.35
260.0
33.0
95.0
270.0
35.0
90.0
72.0
87.0
43.0
30.0
175.0
37.0
16.0
175.0
270.0
40.0
115.0
73.0
380.0
138.0
300.0
220.0
83.0
58.0
40.0
106.0
100.0
159.0
94.0
36.5
69.61
56.12
84.0
75.97
110.0
104.0
52.0
200.0
98.49
58.0
68.0
82.0
150.0
43.7
130.0
61.0
44.0
90.0
140.0
45.68
130.0
86.0
265.0
54.0
85.0
47.35
65.0
128.0
150.0
43.0
470.0
249.0
89.0
68.0
90.0
85.0
42.0
74.0
46.13
60.0
52.0
37.5
36.0
150.0
78.0
157.0
70.0
175.0
113.19
25.0
30.84
101.0
35.5
160.0
128.0
185.0
65.3
65.0
48.0
200.0
88.0
300.0
260.0
140.0
66.25
52.32
125.0
93.0
40.0
270.0
38.0
61.26
55.86
62.5
25.0
59.0
45.0
55.0
105.0
50.0
110.0
110.0
80.0
88.0
34.0
53.76
90.0
46.9
87.0
95.0
477.0
98.13
93.0
48.79
79.89
126.0
70.0
85.0
180.0
125.0
164.0
105.0
90.0
110.0
22.0
35.11
137.0
90.0
400.0
65.0
14.04
90.75
95.0
90.0
75.0
160.0
162.0
100.0
58.0
104.0
44.0
110.0
50.0
29.5
35.0
65.0
195.0
24.86
62.7
110.0
26.0
130.0
65.0
75.0
41.13
159.0
49.02
60.0
105.0
77.0
60.0
55.0
500.0
58.0
67.4
47.0
41.0
62.63
95.0
105.0
61.0
175.0
55.0
70.65
20.0
350.0
44.17
180.0
28.0
80.0
33.0
69.0
98.0
56.0
55.0
204.0
50.0
130.0
80.0
57.0
155.0
39.02
46.0
26.0
130.0
43.0
120.0
48.0
75.0
125.0
165.0
13.57
145.0
105.0
200.0
2200.0
95.0
26.0
229.0
65.0
82.0
87.0
85.0
43.0
185.0
55.0
37.28
95.0
135.0
75.0
99.0
40.0
90.0
169.0
61.0
110.0
140.0
42.0
65.0
50.17
47.0
48.0
98.0
132.0
49.0
58.5
40.54
59.0
56.8
50.66
77.0
61.45
100.0
62.0
286.0
114.0
59.5
420.0
93.34
150.0
56.0
92.0
25.88
53.55
75.0
44.285
46.0
59.0
100.0
140.0
78.0
75.0
145.0
36.0
87.0
20.0
95.0
215.0
45.0
85.0
50.0
90.0
115.0
32.6
285.0
46.0
88.0
85.5
75.0
124.0
94.55
41.0
89.9
68.2
59.0
59.5
125.0
90.0
273.0
25.0
160.0
150.0
72.0
37.0
58.0
58.0
71.0
69.0
58.0
75.0
60.0
45.0
20.0
194.0
80.0
60.0
62.0
42.0
65.0
80.0
125.0
123.0
60.0
32.9
75.0
24.0
37.0
68.0
80.0
62.3
60.0
200.0
22.14
90.0
400.0
35.5
60.0
126.0
82.0
60.0
104.0
69.0
147.0
43.0
68.0
25.0
68.0
120.0
350.0
55.0
100.0
345.0
28.88
82.0
102.0
62.0
69.0
136.0
50.0
51.5
57.0
47.0
125.0
55.0
83.87
62.9
50.0
86.28
63.0
46.0
38.44
49.0
85.0
82.0
55.0
28.0
68.0
110.0
27.43
85.0
125.0
80.0
75.0
132.0
39.0
42.0
85.0
67.39
325.0
220.0
210.0
337.0
270.0
55.0
40.0
39.0
61.2
100.0
59.0
225.0
67.0
56.0
75.0
68.0
67.77
46.0
91.0
45.0
58.14
120.0
54.0
172.0
70.0
55.0
51.0
31.0
48.0
59.0
83.09
85.0
77.0
70.0
43.13
69.0
145.0
174.0
123.0
100.0
34.3
65.0
71.0
44.0
84.0
59.47
75.0
117.0
78.2
100.0
85.0
65.0
46.62
42.6
150.0
71.0
15.135
55.0
65.0
60.0
68.8
235.0
68.0
62.0
155.0
67.0
42.0
75.0
211.0
170.0
60.0
22.0
50.0
82.5
210.0
68.0
114.0
52.71
49.0
53.55
75.0
60.84
65.0
13.5
93.93
160.0
120.0
68.0
90.0
112.0
75.0
88.0
220.0
110.0
50.0
75.0
58.0
80.99
53.7
52.5
49.0
120.0
100.0
115.0
46.8
102.0
51.0
120.0
38.4
55.0
50.0
57.63
39.0
48.0
56.0
48.0
219.0
99.14
29.5
70.0
97.78
109.0
85.0
177.0
160.0
400.0
90.0
165.0
169.0
150.0
40.0
47.0
84.0
133.0
90.0
61.0
40.0
90.0
59.0
230.0
42.0
42.0
80.0
54.0
55.0
99.0
35.0
47.39
70.0
120.0
125.0
181.0
41.3
180.0
175.0
150.0
147.0
90.0
116.0
50.0
113.0
105.0
24.86
50.66
45.48
48.66
42.54
145.0
42.0
44.0
52.17
55.0
58.86
150.0
235.0
60.0
100.0
40.0
48.0
86.0
36.0
120.0
70.0
260.0
52.0
45.0
62.8
56.13
78.0
56.0
130.0
82.0
86.0
57.0
30.0
105.0
63.0
17.0
40.59
115.0
72.3
16.9
41.0
225.0
37.32
80.0
79.15
31.2
253.0
72.0
52.25
89.0
65.0
135.0
132.0
48.0
75.0
37.49
64.8
30.13
74.0
77.47
41.0
96.0
48.0
110.0
120.0
75.0
66.46
39.55
100.0
79.5
38.0
75.0
125.0
45.0
61.25
80.99
60.0
42.0
65.0
19.82
160.0
35.0
60.0
16.0
162.0
120.0
83.0
51.0
96.25
40.0
305.0
75.0
53.5
33.84
95.0
73.0
76.0
68.75
37.97
37.93
80.0
119.0
300.0
36.54
46.17
78.0
52.0
70.0
69.0
180.0
119.0
55.0
94.28
68.0
51.5
225.0
70.0
48.0
45.0
110.0
49.87
192.0
49.0
88.0
103.0
31.1
87.5
100.0
35.0
105.0
42.87
78.0
43.61
125.0
42.0
49.0
27.0
251.0
140.0
40.0
22.0
62.0
74.03
90.33
130.0
63.0
41.88
200.0
87.0
51.0
95.0
50.0
60.0
80.0
130.0
75.0
55.0
134.0
120.0
110.0
70.0
121.0
27.0
51.99
35.8
268.5
65.0
80.0
60.0
255.0
65.0
52.0
120.0
36.38
70.0
195.0
45.0
60.0
34.0
55.0
91.0
55.0
36.5
51.0
110.0
77.0
76.3
79.0
61.8
50.0
37.0
58.0
80.0
44.0
42.87
145.0
11.5
76.0
75.0
59.0
38.0
260.0
110.0
45.0
55.0
60.0
47.88
46.5
34.0
97.0
52.0
30.0
38.13
115.0
68.0
45.6
85.0
115.0
75.0
78.0
69.0
50.79
300.0
56.0
50.0
120.0
85.61
39.73
38.5
110.0
48.0
48.0
80.0
60.0
40.0
75.0
55.0
65.0
40.0
48.5
165.0
55.0
250.0
265.0
40.0
60.0
100.0
230.0
75.0
48.0
70.0
46.0
83.0
85.0
60.0
100.0
70.0
47.0
66.0
61.0
150.0
60.0
50.0
25.88
54.5
38.0
60.0
80.0
50.0
39.0
69.61
81.0
72.0
360.0
100.0
75.17
40.95
46.0
50.0
250.0
223.0
115.0
57.0
35.0
72.0
62.0
80.0
93.0
290.0
16.45
50.0
68.0
285.0
350.0
120.0
51.51
57.0
80.0
48.0
32.0
70.0
56.0
90.0
24.86
44.24
45.88
50.0
100.0
45.0
112.0
95.0
115.0
35.0
72.0
85.0
29.0
49.0
57.0
76.0
55.47
150.0
88.0
125.0
10.0
58.0
165.0
110.0
78.19
110.0
40.5
45.2
120.0
75.0
84.0
135.0
62.0
103.0
51.22
39.0
55.0
224.0
48.0
185.0
116.0
341.0
76.0
250.0
17.535
130.0
58.0
76.13
35.11
700.0
25.75
46.0
340.0
62.0
60.0
53.0
87.0
58.0
99.0
92.0
100.0
22.0
55.0
131.0
226.5
73.0
110.0
29.25
120.0
59.0
14.0
128.0
45.0
60.0
28.34
130.0
67.0
79.55
64.8
27.0
40.0
200.0
45.9
69.46
55.0
195.0
45.0
90.0
29.0
77.0
77.0
65.0
95.0
225.0
100.0
160.0
60.0
65.0
51.0
47.0
55.0
60.0
88.0
49.3
139.0
55.0
365.0
100.0
70.0
70.0
39.0
170.0
130.0
238.0
29.7
110.0
55.0
46.0
98.0
150.0
73.5
87.01
75.0
35.0
66.0
69.25
183.0
40.54
293.0
82.0
75.0
129.0
55.0
56.7
65.5
105.0
67.0
54.67
89.5
167.5
130.0
44.0
99.0
165.0
41.5
70.0
35.8
67.75
89.0
200.0
155.0
85.0
100.0
77.13
245.0
45.0
104.0
60.0
42.0
55.15
260.0
70.5
62.0
200.0
425.0
38.0
200.0
52.32
58.0
140.0
60.0
61.74
67.0
48.0
69.23
68.0
72.5
35.475
49.95
82.0
100.0
65.0
81.0
200.0
54.0
96.0
50.0
30.0
105.0
134.0
90.0
180.0
85.0
39.0
75.0
105.0
60.0
48.0
200.0
26.0
75.0
44.17
57.0
80.0
115.0
93.15
97.8
62.0
71.0
40.89
98.32
78.0
52.0
44.73
40.0
120.0
62.63
125.0
67.5
75.0
88.0
54.3
220.0
64.5
180.0
62.0
45.0
250.0
96.0
375.0
53.35
125.0
275.0
90.0
64.0
180.0
43.0
75.0
115.0
46.0
65.0
45.95
77.0
97.0
22.0
403.0
14.04
71.0
100.0
60.0
67.38
37.0
140.0
110.0
43.0
100.0
131.0
324.0
50.0
68.0
16.45
125.0
110.0
70.0
75.0
98.0
88.0
300.0
85.0
56.57
125.0
97.8
510.0
39.0
72.0
53.0
14.0
400.0
34.0
160.0
150.0
90.0
34.65
39.77
30.84
110.0
210.0
105.0
249.0
105.0
165.0
155.0
92.0
200.0
61.95
126.0
42.0
160.0
150.0
160.0
67.65
60.0
59.0
120.0
77.5
62.63
50.0
42.6
70.0
66.0
100.0
65.0
29.6
43.5
52.0
46.8
41.0
45.0
56.0
40.54
88.0
90.0
110.0
29.45
45.0
67.3
55.0
280.0
153.0
89.61
40.2
91.2
55.0
38.0
87.0
100.0
112.0
117.0
110.0
95.0
130.0
55.0
210.0
14.0
413.0
114.0
44.4
75.0
110.0
33.0
80.0
32.54
88.0
152.0
135.0
59.4
116.0
125.0
77.99
95.0
69.18
46.0
63.0
20.0
88.73
40.0
75.0
25.12
78.0
86.0
80.0
250.0
113.0
63.0
68.75
38.0
122.0
55.15
42.09
52.0
62.0
52.0
415.0
100.0
135.0
75.0
44.0
175.0
240.0
42.0
60.0
95.0
44.08
65.0
40.0
140.0
38.65
61.0
78.0
115.0
16.45
40.0
140.0
95.0
46.0
38.55
49.06
230.0
30.0
110.0
46.0
70.0
84.5
49.0
57.91
59.0
148.0
139.0
75.0
220.0
50.0
42.75
39.0
44.0
55.0
55.91
79.0
35.0
75.0
75.0
66.25
260.0
95.0
24.86
82.0
268.0
60.0
107.0
28.41
48.0
38.0
49.86
260.0
74.0
50.0
88.0
55.0
74.18
22.49
98.0
190.0
52.0
130.0
35.0
25.0
58.0
240.0
81.0
185.0
130.0
160.0
163.0
45.0
342.0
39.9
50.18
35.0
49.0
43.0
50.0
17.0
30.12
37.0
55.0
70.0
93.0
77.93
53.58
105.0
80.0
200.0
68.0
67.73
45.0
345.0
300.0
38.25
54.8
86.0
60.0
55.0
36.0
40.0
67.0
67.0
46.0
225.0
15.0
50.0
104.0
78.0
88.0
77.0
60.0
73.0
43.0
45.5
149.0
45.0
69.0
150.0
49.0
204.0
38.0
71.0
50.17
42.73
95.0
95.0
41.0
170.0
56.0
47.25
110.0
63.0
160.0
98.91
80.0
35.0
36.0
251.0
78.8
55.0
149.0
54.0
64.0
50.0
50.0
189.0
35.0
73.0
90.0
52.5
61.0
46.33
17.0
25.4
110.0
26.0
61.0
35.0
75.0
30.0
43.9
60.0
150.0
90.0
260.0
200.0
410.0
49.0
120.0
57.9
67.0
89.6
28.57
161.0
58.0
39.95
218.0
78.0
40.44
18.0
14.0
95.75
75.0
70.0
150.0
85.0
37.0
80.0
97.38
50.0
125.0
82.0
85.0
115.0
52.36
120.0
55.0
45.0
57.0
78.65
88.0
110.0
44.5
282.0
210.0
62.0
50.35
33.0
40.8
65.0
46.39
203.0
86.98
107.0
54.99
145.0
93.94
25.0
39.9
145.0
55.0
70.0
76.0
235.0
228.5
45.0
45.9
61.0
120.0
58.0
105.0
32.64
55.0
43.0
100.0
68.0
19.5
130.0
65.0
31.5
80.27
69.5
10.25
38.665
57.0
65.0
210.0
45.0
125.0
73.0
46.76
95.0
115.0
100.0
76.45
40.0
65.4
211.0
161.0
50.3
380.0
80.0
24.5
47.88
67.76
110.0
44.3
80.91
350.0
276.0
200.0
70.0
65.0
43.0
82.0
50.0
45.0
98.0
33.5
95.5
48.0
14.0
345.0
95.0
175.0
28.0
38.0
59.0
46.0
42.0
28.0
67.32
77.27
300.0
190.0
75.0
30.0
55.0
80.99
55.0
15.0
430.0
73.2
53.5
46.0
55.0
44.0
65.0
26.65
150.0
210.0
33.5
140.0
180.0
45.0
220.0
54.0
185.0
62.0
55.0
77.0
55.25
210.0
96.8
44.0
45.0
36.85
50.0
56.5
55.0
131.0
83.0
400.0
56.8
67.4
70.0
65.0
35.0
50.0
175.0
100.0
56.0
63.0
31.83
18.0
69.0
98.0
37.0
63.0
71.195
121.0
90.0
160.0
45.0
48.0
140.0
78.0
55.0
57.0
237.5
87.5
127.0
70.0
60.0
400.0
51.5
140.0
33.6
18.5
40.0
49.0
201.0
66.0
150.0
25.99
34.78
188.0
90.0
68.0
80.0
15.0
113.0
46.79
160.0
55.0
88.0
149.0
119.0
120.0
190.0
123.0
56.12
54.0
165.0
60.0
235.0
70.0
80.0
111.0
110.0
43.5
83.0
32.0
35.0
95.0
131.0
99.27
29.0
72.0
51.98
103.0
90.0
50.0
23.5
45.0
200.0
252.0
142.0
44.0
78.0
49.0
87.0
12.5
25.0
89.0
200.0
39.0
100.0
115.0
46.0
83.22
47.0
53.4
71.5
134.0
59.0
57.0
157.0
29.0
75.0
55.0
45.0
50.0
68.0
125.0
40.0
125.0
50.0
56.0
119.0
110.0
165.0
39.9
45.0
52.0
80.0
42.92
72.0
185.0
175.0
122.0
76.0
40.0
40.17
36.0
99.0
71.5
34.0
159.0
40.0
150.0
76.0
198.0
130.0
140.0
68.5
97.0
200.0
139.0
58.0
57.0
31.7
55.5
50.0
90.0
124.0
42.48
65.0
700.0
116.0
400.0
44.0
75.0
21.5
50.0
95.0
125.0
76.85
68.59
102.92
68.48
53.9
45.56
78.0
134.0
34.77
26.91
65.0
53.67
135.0
85.0
78.0
50.0
120.0
72.0
44.0
85.0
84.5
360.0
240.0
43.0
51.0
56.7
52.5
135.0
38.0
65.0
42.0
100.0
110.0
70.0
62.0
53.33
51.0
195.0
61.33
47.4
300.0
315.0
60.0
74.52
46.0
197.0
140.0
85.0
52.0
65.0
98.0
159.0
140.0
148.0
48.0
32.0
110.0
25.0
58.0
120.0
98.77
57.99
41.0
75.0
27.0
2100.0
110.0
214.0
184.0
145.0
45.0
42.295
55.0
48.6
75.0
62.0
36.25
240.0
40.0
29.0
67.0
55.0
80.0
330.0
69.44
68.0
220.0
200.0
85.0
97.0
116.0
100.0
60.0
99.0
48.0
75.0
40.6
90.0
30.76
84.0
57.0
130.0
360.0
52.85
88.5
50.0
49.49
49.86
310.0
95.0
110.0
46.0
50.0
312.0
115.0
340.0
105.0
86.12
285.0
101.0
64.0
70.0
75.0
52.2
78.0
110.0
41.0
69.5
22.5
82.0
65.0
51.0
215.0
83.0
31.48
145.0
35.0
125.0
60.0
46.2
80.0
333.0
36.0
50.0
48.0
225.0
55.0
59.0
700.0
50.0
125.0
67.48
78.0
210.0
97.0
64.0
43.9
65.0
95.0
47.0
365.0
40.0
65.0
85.0
47.0
88.0
36.85
50.6
113.0
224.5
68.38
175.0
80.0
49.475
66.0
96.0
56.0
78.0
38.55
55.0
95.0
85.28
80.0
93.32
90.0
58.0
66.5
95.0
61.0
25.0
70.0
200.0
27.68
78.0
210.0
34.22
50.0
190.0
315.0
59.0
44.0
45.0
130.0
120.0
65.0
77.65
475.0
139.0
234.0
46.0
115.0
150.0
120.0
48.0
41.0
75.0
57.9
60.0
49.0
55.0
40.14
230.0
65.0
28.0
45.0
140.0
95.0
120.0
96.0
133.0
90.0
77.5
42.0
110.0
44.0
65.0
246.0
49.07
625.0
51.0
54.0
95.0
92.0
65.0
165.0
87.8
130.0
68.0
25.0
85.0
65.0
80.0
90.0
62.55
600.0
97.0
450.0
69.0
148.0
660.0
370.0
75.0
36.0
48.5
79.0
10.25
33.06
90.0
350.0
105.0
80.0
39.5
230.0
46.0
145.0
95.0
50.0
60.0
30.88
49.5
65.0
450.0
125.0
45.0
250.0
60.0
18.0
16.75
48.5
95.0
110.0
386.0
72.0
87.0
93.0
62.0
60.0
48.0
77.99
41.68
105.0
56.0
57.0
67.4
40.0
65.45
185.0
58.0
30.0
95.0
41.0
250.0
43.0
65.0
86.0
129.0
81.0
46.0
60.0
180.0
76.77
110.0
75.0
123.0
100.0
25.0
62.0
160.0
55.25
46.0
45.0
175.0
36.0
60.0
121.0
550.0
78.0
110.0
59.0
155.0
45.69
59.0
60.0
48.77
63.0
48.0
195.0
32.0
52.7
52.0
50.0
130.0
72.0
30.0
112.0
94.0
85.0
18.5
40.6
52.76
65.0
65.7
237.0
97.0
400.0
125.0
62.0
90.0
32.0
69.0
162.0
52.0
225.0
55.15
110.0
96.51
125.0
55.0
62.0
60.0
285.0
147.0
86.8
78.0
104.0
27.0
110.0
85.0
28.35
75.0
68.0
60.8
81.0
120.0
63.0
47.0
16.0
261.0
148.0
37.0
46.39
110.0
60.0
85.0
88.0
80.0
75.97
48.5
65.0
62.55
95.0
68.0
68.0
46.25
188.0
92.0
79.0
125.0
155.0
32.0
54.5
60.0
30.0
25.0
90.0
88.0
165.0
78.34
22.0
260.0
270.0
180.0
25.0
44.9
46.0
375.0
145.0
75.0
36.0
120.0
55.0
55.0
325.0
71.0
50.8
75.0
52.0
105.0
69.18
42.0
128.0
98.0
325.0
460.0
55.0
22.5
330.0
75.0
300.0
69.0
175.0
52.0
43.2
125.0
300.0
74.0
75.97
36.0
53.0
38.55
86.58
19.0
75.0
75.0
72.0
52.5
60.0
55.0
67.0
89.99
45.0
125.0
125.0
95.0
65.0
120.0
75.97
51.0
153.0
65.0
82.5
50.0
180.0
200.0
399.0
89.0
116.0
65.0
66.0
68.0
280.0
80.0
301.0
75.0
55.0
90.0
35.0
95.0
99.39
40.79
122.0
29.0
115.0
330.0
50.0
95.0
55.0
36.0
45.0
42.0
23.5
33.0
260.0
86.0
165.0
28.29
135.0
43.55
47.0
60.0
84.86
500.0
86.69
45.0
10.0
220.0
115.0
85.0
125.0
26.25
53.76
140.0
629.0
125.0
135.0
130.0
19.0
48.0
200.0
130.0
22.0
75.0
70.0
75.0
240.0
115.0
45.0
57.5
70.0
12.0
36.0
60.0
70.445
60.0
53.0
72.0
123.0
49.0
261.0
